
Example 1:

INPUT MATRIX
------------
0.344  6.832
7.703  1.225
4.037  1.032
5.608  9.936


OUTPUT MATRIX
-------------

0.344 7.703 4.037 5.608
6.832 1.225 1.032 9.936

__________________________________________________

Example 2:

INPUT MATRIX
------------

2.373 0.331 1.855 3.732
0.728 3.458 1.538 0.467
8.913 9.753 5.884 0.221
5.891 5.848 5.567 9.102

OUTPUT MATRIX
-------------

2.373 0.728 8.913 5.891
0.331 3.458 9.753 5.848
1.855 1.538 5.884 5.567
3.732 0.467 0.221 9.102
